corrente x voltagem:

a: 9.98453809356269
da: 0.014326065893490064
b: -0.006638917671120816
db: 0.06868789537427543
R: 100.15485850514484
dR: 0.14370470512030503
